d_0 d0 0.541667 0.125000 0.333333 
d_1 d1 0.750000 0.075000 0.175000 
d_2 d2 0.714286 0.085714 0.200000 
d_3 d3 0.783784 0.027027 0.189189 
d_4 d4 0.800000 0.100000 0.100000 
d_5 d5 0.800000 0.133333 0.066667 
d_6 Peter 0.761905 0.214286 0.023810 
d_7 d6 0.578947 0.052632 0.368421 
d_8 d7 0.621622 0.189189 0.189189 
d_9 d1953 0.012594 0.783375 0.204030 
d_10 d1954 0.013636 0.477273 0.509091 
d_11 d1947 0.003484 0.480836 0.515679 
d_12 d1948 0.009390 0.610329 0.380282 
d_13 d1949 0.011236 0.438202 0.550562 
d_14 d8 0.100000 0.800000 0.100000 
d_15 d9 0.090909 0.818182 0.090909 
d_16 d10 0.058824 0.882353 0.058824 
d_17 d11 0.100000 0.800000 0.100000 
d_18 d17 0.741935 0.129032 0.129032 
d_19 d18 0.588235 0.029412 0.382353 
d_20 d19 0.645161 0.064516 0.290323 
d_21 d20 0.786667 0.040000 0.173333 
d_22 d21 0.600000 0.050000 0.350000 
d_23 d22 0.644444 0.133333 0.222222 
d_24 d23 0.791667 0.083333 0.125000 
d_25 d24number 0.756757 0.027027 0.216216 
d_26 d25 0.829787 0.021277 0.148936 
d_27 d26 0.604651 0.116279 0.279070 
d_28 d27 0.517241 0.034483 0.448276 
d_29 d28 0.681818 0.068182 0.250000 
d_30 d29 0.794118 0.147059 0.058824 
d_31 d30 0.818182 0.054545 0.127273 
d_32 d31 0.732394 0.084507 0.183099 
d_33 d32 0.687500 0.250000 0.062500 
d_34 d33 0.880952 0.023810 0.095238 
d_35 d34 0.900000 0.020000 0.080000 
d_36 d35 0.871795 0.102564 0.025641 
