d_0 d0 0.500000 0.291667 0.208333 
d_1 d1 0.800000 0.175000 0.025000 
d_2 d2 0.771429 0.114286 0.114286 
d_3 d3 0.824324 0.013514 0.162162 
d_4 d4 0.500000 0.050000 0.450000 
d_5 d5 0.866667 0.066667 0.066667 
d_6 Peter 0.666667 0.285714 0.047619 
d_7 d6 0.578947 0.157895 0.263158 
d_8 d7 0.702703 0.216216 0.081081 
d_9 d1953 0.005038 0.715365 0.279597 
d_10 d1954 0.018182 0.422727 0.559091 
d_11 d1947 0.006969 0.390244 0.602787 
d_12 d1948 0.004695 0.676056 0.319249 
d_13 d1949 0.011236 0.348315 0.640449 
d_14 d8 0.100000 0.800000 0.100000 
d_15 d9 0.090909 0.818182 0.090909 
d_16 d10 0.058824 0.882353 0.058824 
d_17 d11 0.100000 0.800000 0.100000 
d_18 d17 0.774194 0.161290 0.064516 
d_19 d18 0.617647 0.029412 0.352941 
d_20 d19 0.806452 0.161290 0.032258 
d_21 d20 0.840000 0.013333 0.146667 
d_22 d21 0.525000 0.100000 0.375000 
d_23 d22 0.644444 0.311111 0.044444 
d_24 d23 0.791667 0.083333 0.125000 
d_25 d24number 0.783784 0.081081 0.135135 
d_26 d25 0.829787 0.085106 0.085106 
d_27 d26 0.534884 0.162791 0.302326 
d_28 d27 0.724138 0.103448 0.172414 
d_29 d28 0.750000 0.045455 0.204545 
d_30 d29 0.794118 0.176471 0.029412 
d_31 d30 0.800000 0.072727 0.127273 
d_32 d31 0.816901 0.140845 0.042254 
d_33 d32 0.812500 0.156250 0.031250 
d_34 d33 0.785714 0.023810 0.190476 
d_35 d34 0.860000 0.020000 0.120000 
d_36 d35 0.743590 0.205128 0.051282 
