d_0 d0 0.583333 0.333333 0.083333 
d_1 d1 0.825000 0.075000 0.100000 
d_2 d2 0.800000 0.114286 0.085714 
d_3 d3 0.851351 0.013514 0.135135 
d_4 d4 0.500000 0.050000 0.450000 
d_5 d5 0.600000 0.133333 0.266667 
d_6 Peter 0.714286 0.095238 0.190476 
d_7 d6 0.789474 0.052632 0.157895 
d_8 d7 0.729730 0.081081 0.189189 
d_9 d1953 0.005038 0.758186 0.236776 
d_10 d1954 0.009091 0.390909 0.600000 
d_11 d1947 0.003484 0.299652 0.696864 
d_12 d1948 0.014085 0.718310 0.267606 
d_13 d1949 0.033708 0.303371 0.662921 
d_14 d8 0.100000 0.800000 0.100000 
d_15 d9 0.090909 0.818182 0.090909 
d_16 d10 0.058824 0.882353 0.058824 
d_17 d11 0.100000 0.800000 0.100000 
d_18 d17 0.774194 0.161290 0.064516 
d_19 d18 0.617647 0.176471 0.205882 
d_20 d19 0.838710 0.096774 0.064516 
d_21 d20 0.893333 0.013333 0.093333 
d_22 d21 0.650000 0.325000 0.025000 
d_23 d22 0.733333 0.244444 0.022222 
d_24 d23 0.666667 0.166667 0.166667 
d_25 d24number 0.783784 0.027027 0.189189 
d_26 d25 0.872340 0.106383 0.021277 
d_27 d26 0.581395 0.162791 0.255814 
d_28 d27 0.655172 0.034483 0.310345 
d_29 d28 0.727273 0.068182 0.204545 
d_30 d29 0.794118 0.147059 0.058824 
d_31 d30 0.927273 0.036364 0.036364 
d_32 d31 0.788732 0.154930 0.056338 
d_33 d32 0.812500 0.125000 0.062500 
d_34 d33 0.833333 0.142857 0.023810 
d_35 d34 0.900000 0.020000 0.080000 
d_36 d35 0.717949 0.179487 0.102564 
