d_0 d0 0.541667 0.166667 0.291667 
d_1 d1 0.800000 0.175000 0.025000 
d_2 d2 0.828571 0.085714 0.085714 
d_3 d3 0.810811 0.027027 0.162162 
d_4 d4 0.650000 0.250000 0.100000 
d_5 d5 0.866667 0.066667 0.066667 
d_6 Peter 0.785714 0.190476 0.023810 
d_7 d6 0.421053 0.210526 0.368421 
d_8 d7 0.729730 0.108108 0.162162 
d_9 d1953 0.010076 0.750630 0.239295 
d_10 d1954 0.013636 0.404545 0.581818 
d_11 d1947 0.003484 0.324042 0.672474 
d_12 d1948 0.004695 0.666667 0.328638 
d_13 d1949 0.011236 0.404494 0.584270 
d_14 d8 0.100000 0.800000 0.100000 
d_15 d9 0.090909 0.818182 0.090909 
d_16 d10 0.058824 0.882353 0.058824 
d_17 d11 0.100000 0.800000 0.100000 
d_18 d17 0.677419 0.225806 0.096774 
d_19 d18 0.705882 0.088235 0.205882 
d_20 d19 0.806452 0.129032 0.064516 
d_21 d20 0.773333 0.080000 0.146667 
d_22 d21 0.800000 0.175000 0.025000 
d_23 d22 0.733333 0.222222 0.044444 
d_24 d23 0.625000 0.041667 0.333333 
d_25 d24number 0.810811 0.027027 0.162162 
d_26 d25 0.914894 0.042553 0.042553 
d_27 d26 0.604651 0.116279 0.279070 
d_28 d27 0.862069 0.034483 0.103448 
d_29 d28 0.795455 0.090909 0.113636 
d_30 d29 0.794118 0.088235 0.117647 
d_31 d30 0.927273 0.036364 0.036364 
d_32 d31 0.873239 0.070423 0.056338 
d_33 d32 0.843750 0.125000 0.031250 
d_34 d33 0.880952 0.071429 0.047619 
d_35 d34 0.840000 0.100000 0.060000 
d_36 d35 0.717949 0.179487 0.102564 
