d_0 d0 0.541667 0.375000 0.083333 
d_1 d1 0.875000 0.075000 0.050000 
d_2 d2 0.714286 0.257143 0.028571 
d_3 d3 0.851351 0.108108 0.040541 
d_4 d4 0.650000 0.050000 0.300000 
d_5 d5 0.800000 0.066667 0.133333 
d_6 Peter 0.785714 0.142857 0.071429 
d_7 d6 0.736842 0.052632 0.210526 
d_8 d7 0.756757 0.189189 0.054054 
d_9 d1953 0.002519 0.780856 0.216625 
d_10 d1954 0.018182 0.413636 0.568182 
d_11 d1947 0.003484 0.296167 0.700348 
d_12 d1948 0.014085 0.596244 0.389671 
d_13 d1949 0.033708 0.460674 0.505618 
d_14 d8 0.100000 0.800000 0.100000 
d_15 d9 0.090909 0.818182 0.090909 
d_16 d10 0.058824 0.882353 0.058824 
d_17 d11 0.100000 0.800000 0.100000 
d_18 d17 0.806452 0.129032 0.064516 
d_19 d18 0.764706 0.058824 0.176471 
d_20 d19 0.806452 0.161290 0.032258 
d_21 d20 0.866667 0.026667 0.106667 
d_22 d21 0.875000 0.050000 0.075000 
d_23 d22 0.733333 0.177778 0.088889 
d_24 d23 0.708333 0.083333 0.208333 
d_25 d24number 0.810811 0.054054 0.135135 
d_26 d25 0.851064 0.127660 0.021277 
d_27 d26 0.697674 0.139535 0.162791 
d_28 d27 0.724138 0.034483 0.241379 
d_29 d28 0.636364 0.113636 0.250000 
d_30 d29 0.823529 0.117647 0.058824 
d_31 d30 0.763636 0.145455 0.090909 
d_32 d31 0.760563 0.225352 0.014085 
d_33 d32 0.687500 0.281250 0.031250 
d_34 d33 0.833333 0.071429 0.095238 
d_35 d34 0.880000 0.080000 0.040000 
d_36 d35 0.615385 0.205128 0.179487 
