d_0 d0 0.750000 0.166667 0.083333 
d_1 d1 0.950000 0.025000 0.025000 
d_2 d2 0.914286 0.028571 0.057143 
d_3 d3 0.743243 0.162162 0.094595 
d_4 d4 0.750000 0.100000 0.150000 
d_5 d5 0.733333 0.066667 0.200000 
d_6 Peter 0.904762 0.047619 0.047619 
d_7 d6 0.736842 0.105263 0.157895 
d_8 d7 0.945946 0.027027 0.027027 
d_9 d1953 0.002519 0.750630 0.246851 
d_10 d1954 0.013636 0.363636 0.622727 
d_11 d1947 0.003484 0.296167 0.700348 
d_12 d1948 0.014085 0.549296 0.436620 
d_13 d1949 0.033708 0.550562 0.415730 
d_14 d8 0.100000 0.800000 0.100000 
d_15 d9 0.090909 0.818182 0.090909 
d_16 d10 0.058824 0.882353 0.058824 
d_17 d11 0.100000 0.800000 0.100000 
d_18 d17 0.774194 0.129032 0.096774 
d_19 d18 0.647059 0.088235 0.264706 
d_20 d19 0.774194 0.193548 0.032258 
d_21 d20 0.853333 0.066667 0.080000 
d_22 d21 0.775000 0.150000 0.075000 
d_23 d22 0.688889 0.266667 0.044444 
d_24 d23 0.750000 0.208333 0.041667 
d_25 d24number 0.729730 0.054054 0.216216 
d_26 d25 0.957447 0.021277 0.021277 
d_27 d26 0.581395 0.116279 0.302326 
d_28 d27 0.862069 0.068966 0.068966 
d_29 d28 0.681818 0.159091 0.159091 
d_30 d29 0.823529 0.029412 0.147059 
d_31 d30 0.927273 0.036364 0.036364 
d_32 d31 0.873239 0.084507 0.042254 
d_33 d32 0.625000 0.218750 0.156250 
d_34 d33 0.928571 0.047619 0.023810 
d_35 d34 0.860000 0.100000 0.040000 
d_36 d35 0.743590 0.205128 0.051282 
