d_0 d0 0.625000 0.208333 0.166667 
d_1 d1 0.925000 0.025000 0.050000 
d_2 d2 0.857143 0.028571 0.114286 
d_3 d3 0.770270 0.094595 0.135135 
d_4 d4 0.550000 0.150000 0.300000 
d_5 d5 0.866667 0.066667 0.066667 
d_6 Peter 0.738095 0.238095 0.023810 
d_7 d6 0.789474 0.052632 0.157895 
d_8 d7 0.891892 0.054054 0.054054 
d_9 d1953 0.002519 0.732997 0.264484 
d_10 d1954 0.018182 0.327273 0.654545 
d_11 d1947 0.003484 0.271777 0.724739 
d_12 d1948 0.009390 0.502347 0.488263 
d_13 d1949 0.011236 0.471910 0.516854 
d_14 d8 0.100000 0.800000 0.100000 
d_15 d9 0.090909 0.818182 0.090909 
d_16 d10 0.058824 0.882353 0.058824 
d_17 d11 0.100000 0.800000 0.100000 
d_18 d17 0.612903 0.225806 0.161290 
d_19 d18 0.764706 0.088235 0.147059 
d_20 d19 0.677419 0.225806 0.096774 
d_21 d20 0.826667 0.053333 0.120000 
d_22 d21 0.775000 0.200000 0.025000 
d_23 d22 0.755556 0.111111 0.133333 
d_24 d23 0.875000 0.083333 0.041667 
d_25 d24number 0.756757 0.027027 0.216216 
d_26 d25 0.808511 0.170213 0.021277 
d_27 d26 0.581395 0.186047 0.232558 
d_28 d27 0.689655 0.068966 0.241379 
d_29 d28 0.727273 0.068182 0.204545 
d_30 d29 0.735294 0.117647 0.147059 
d_31 d30 0.781818 0.054545 0.163636 
d_32 d31 0.845070 0.140845 0.014085 
d_33 d32 0.750000 0.218750 0.031250 
d_34 d33 0.928571 0.047619 0.023810 
d_35 d34 0.900000 0.080000 0.020000 
d_36 d35 0.794872 0.179487 0.025641 
