d_0 d0 0.750000 0.125000 0.125000 
d_1 d1 0.875000 0.025000 0.100000 
d_2 d2 0.914286 0.028571 0.057143 
d_3 d3 0.810811 0.040541 0.148649 
d_4 d4 0.600000 0.200000 0.200000 
d_5 d5 0.600000 0.200000 0.200000 
d_6 Peter 0.761905 0.190476 0.047619 
d_7 d6 0.684211 0.105263 0.210526 
d_8 d7 0.837838 0.081081 0.081081 
d_9 d1953 0.002519 0.760705 0.236776 
d_10 d1954 0.018182 0.422727 0.559091 
d_11 d1947 0.006969 0.296167 0.696864 
d_12 d1948 0.009390 0.568075 0.422535 
d_13 d1949 0.011236 0.516854 0.471910 
d_14 d8 0.100000 0.800000 0.100000 
d_15 d9 0.090909 0.818182 0.090909 
d_16 d10 0.058824 0.882353 0.058824 
d_17 d11 0.100000 0.800000 0.100000 
d_18 d17 0.741935 0.161290 0.096774 
d_19 d18 0.705882 0.117647 0.176471 
d_20 d19 0.838710 0.129032 0.032258 
d_21 d20 0.826667 0.026667 0.146667 
d_22 d21 0.800000 0.150000 0.050000 
d_23 d22 0.733333 0.155556 0.111111 
d_24 d23 0.708333 0.125000 0.166667 
d_25 d24number 0.702703 0.054054 0.243243 
d_26 d25 0.829787 0.148936 0.021277 
d_27 d26 0.465116 0.186047 0.348837 
d_28 d27 0.862069 0.068966 0.068966 
d_29 d28 0.795455 0.181818 0.022727 
d_30 d29 0.911765 0.029412 0.058824 
d_31 d30 0.800000 0.018182 0.181818 
d_32 d31 0.816901 0.169014 0.014085 
d_33 d32 0.718750 0.156250 0.125000 
d_34 d33 0.928571 0.023810 0.047619 
d_35 d34 0.860000 0.060000 0.080000 
d_36 d35 0.794872 0.128205 0.076923 
